1  -1 0.5 0
2  -0.5 1 0
3  0.5 1 0
4  1 0.5 0
5  1 -0.5 0
6  0.5 -1 0
7  -0.5 -1 0
8  -1 -0.5 0
9  -1 0.5 1
10  -0.5 1 1
11  0.5 1 1
12  1 0.5 1
13  1 -0.5 1
14  0.5 -1 1
15  -0.5 -1 1
16  -1 -0.5 1
17  -0.4 0.2 1
18  -0.2 0.4 1
19  0.2 0.4 1
20  0.4 0.2 1
21  0.4 -0.2 1
22  0.2 -0.4 1
23  -0.2 -0.4 1
24  -0.4 -0.2 1
25  -0.4 0.2 3.5
26  -0.2 0.4 3.5
27  0.2 0.4 3.5
28  0.4 0.2 3.5
29  0.4 -0.2 3.5
30  0.2 -0.4 3.5
31  -0.2 -0.4 3.5
32  -0.4 -0.2 3.5
70  -0.6 0.3 3.5
71  -0.3 0.6 3.5
72  0.3 0.6 3.5
73  0.6 0.3 3.5
74  0.6 -0.3 3.5
75  0.3 -0.6 3.5
76  -0.3 -0.6 3.5
77  -0.6 -0.3 3.5
78  -0.6 0.3 4.75
79  -0.3 0.6 4.75
80  0.3 0.6 4.75
81  0.6 0.3 4.75
82  0.6 -0.3 4.75
83  0.3 -0.6 4.75
84  -0.3 -0.6 4.75
85  -0.6 -0.3 4.75 
201  -1.5 -0.25 4.38
202  -1.5 0.25 4.38
203  1.5 0.25 4.38
204  1.5 -0.25 4.38
205  -1.5 -0.25 4.05
206  -1.5 0.25 4.05
207  1.5 0.25 4.05
208  1.5 -0.25 4.05
400  0 0 4.38
401  0 0 4.05

Faces:
1 2 3 4 5 6 7 8 1.
9 10 11 12 13 14 15 16 9.
1 9 10 2 1.
2 10 11 3 2.
3 11 12 4 3.
4 12 13 5 4.
5 13 14 6 5.
6 14 15 7 6.
7 15 16 8 7.
8 16 9 1 8.
9 10 9.
10 11 10.
11 12 11.
12 13 12.
13 14 13.
14 15 14.
15 16 15.
16 9 16.
17 18 19 20 21 22 23 24 17.
25 26 27 28 29 30 31 32 25.
17 25 26 18 17.
18 26 27 19 18.
19 27 28 20 19.
20 28 29 21 20.
21 29 30 22 21.
22 30 31 23 22.
23 31 32 24 23.
24 32 25 17 24.
25 26 25.
26 27 26.
27 28 27.
28 29 28.
29 30 29.
30 31 30.
31 32 31.
32 25 32.
70 71 72 73 74 75 76 77 70.
78 79 80 81 82 83 84 85 78.
70 71 70.
71 72 71.
72 73 72.
73 74 73.
74 75 74.
75 76 75.
76 77 76.
77 70 77.
70 78 79 71 70.
71 79 80 72 71.
72 80 81 73 72.
73 81 82 74 73.
74 82 83 75 74.
75 83 84 76 75.
76 84 85 77 76.
77 85 78 70 77.
78 79 78.
79 80 79.
80 81 80.
81 82 81.
82 83 82.
83 84 83.
84 85 84.
85 78 85.
201 202 203 204 201.
205 206 207 208 205.
201 202 206 205 201.
202 203 207 206 202.
203 204 208 207 203.
204 201 205 208 204.
205 206 202 201 205.
206 207 203 202 206.
207 208 204 203 207.
208 205 201 204 208.
201 202 201.
202 203 202.
203 204 203.
204 201 204.
205 206 205.
206 207 206.
207 208 207.
208 205 208.
